0.005000	0.000000
0.015000	0.000000
0.025000	0.000000
0.035000	0.000000
0.045000	0.000000
0.055000	0.000000
0.065000	0.000000
0.075000	0.000000
0.085000	0.000000
0.095000	0.000000
0.105000	0.000000
0.115000	0.000000
0.125000	0.000000
0.135000	0.000000
0.145000	0.000000
0.155000	0.000000
0.165000	0.000000
0.175000	0.000000
0.185000	0.000000
0.195000	0.000000
0.205000	0.000000
0.215000	0.000000
0.225000	0.000000
0.235000	0.000000
0.245000	0.000000
0.255000	0.000000
0.265000	0.000000
0.275000	0.000000
0.285000	0.000000
0.295000	0.000000
0.305000	110.000000
0.315000	104.000000
0.325000	101.000000
0.335000	89.000000
0.345000	101.000000
0.355000	87.000000
0.365000	92.000000
0.375000	107.000000
0.385000	70.000000
0.395000	88.000000
0.405000	144.000000
0.415000	90.000000
0.425000	105.000000
0.435000	117.000000
0.445000	114.000000
0.455000	74.000000
0.465000	120.000000
0.475000	92.000000
0.485000	93.000000
0.495000	96.000000
0.505000	117.000000
0.515000	127.000000
0.525000	95.000000
0.535000	110.000000
0.545000	87.000000
0.555000	112.000000
0.565000	101.000000
0.575000	93.000000
0.585000	115.000000
0.595000	120.000000
0.605000	102.000000
0.615000	100.000000
0.625000	113.000000
0.635000	97.000000
0.645000	106.000000
0.655000	91.000000
0.665000	117.000000
0.675000	95.000000
0.685000	112.000000
0.695000	99.000000
0.705000	106.000000
0.715000	110.000000
0.725000	120.000000
0.735000	110.000000
0.745000	79.000000
0.755000	126.000000
0.765000	124.000000
0.775000	90.000000
0.785000	90.000000
0.795000	126.000000
0.805000	98.000000
0.815000	115.000000
0.825000	104.000000
0.835000	94.000000
0.845000	103.000000
0.855000	116.000000
0.865000	114.000000
0.875000	104.000000
0.885000	134.000000
0.895000	103.000000
0.905000	115.000000
0.915000	108.000000
0.925000	138.000000
0.935000	136.000000
0.945000	125.000000
0.955000	165.000000
0.965000	137.000000
0.975000	147.000000
0.985000	137.000000
0.995000	140.000000
1.005000	131.000000
1.015000	176.000000
1.025000	128.000000
1.035000	136.000000
1.045000	137.000000
1.055000	167.000000
1.065000	133.000000
1.075000	132.000000
1.085000	179.000000
1.095000	118.000000
1.105000	139.000000
1.115000	139.000000
1.125000	132.000000
1.135000	105.000000
1.145000	143.000000
1.155000	138.000000
1.165000	133.000000
1.175000	104.000000
1.185000	135.000000
1.195000	126.000000
1.205000	94.000000
1.215000	127.000000
1.225000	105.000000
1.235000	126.000000
1.245000	134.000000
1.255000	151.000000
1.265000	117.000000
1.275000	147.000000
1.285000	113.000000
1.295000	95.000000
1.305000	116.000000
1.315000	122.000000
1.325000	109.000000
1.335000	88.000000
1.345000	124.000000
1.355000	91.000000
1.365000	111.000000
1.375000	115.000000
1.385000	107.000000
1.395000	89.000000
1.405000	123.000000
1.415000	98.000000
1.425000	93.000000
1.435000	115.000000
1.445000	93.000000
1.455000	98.000000
1.465000	95.000000
1.475000	117.000000
1.485000	96.000000
1.495000	102.000000
1.505000	114.000000
1.515000	98.000000
1.525000	93.000000
1.535000	116.000000
1.545000	95.000000
1.555000	92.000000
1.565000	89.000000
1.575000	86.000000
1.585000	88.000000
1.595000	85.000000
1.605000	100.000000
1.615000	90.000000
1.625000	98.000000
1.635000	103.000000
1.645000	84.000000
1.655000	97.000000
1.665000	87.000000
1.675000	84.000000
1.685000	84.000000
1.695000	106.000000
1.705000	86.000000
1.715000	115.000000
1.725000	97.000000
1.735000	96.000000
1.745000	106.000000
1.755000	90.000000
1.765000	90.000000
1.775000	77.000000
1.785000	73.000000
1.795000	101.000000
1.805000	64.000000
1.815000	71.000000
1.825000	87.000000
1.835000	81.000000
1.845000	64.000000
1.855000	78.000000
1.865000	72.000000
1.875000	59.000000
1.885000	60.000000
1.895000	91.000000
1.905000	61.000000
1.915000	60.000000
1.925000	65.000000
1.935000	60.000000
1.945000	75.000000
1.955000	59.000000
1.965000	45.000000
1.975000	49.000000
1.985000	54.000000
1.995000	37.000000
2.005000	49.000000
2.015000	44.000000
2.025000	59.000000
2.035000	39.000000
2.045000	37.000000
2.055000	36.000000
2.065000	34.000000
2.075000	43.000000
2.085000	41.000000
2.095000	43.000000
2.105000	39.000000
2.115000	41.000000
2.125000	35.000000
2.135000	39.000000
2.145000	37.000000
2.155000	41.000000
2.165000	33.000000
2.175000	40.000000
2.185000	35.000000
2.195000	24.000000
2.205000	32.000000
2.215000	32.000000
2.225000	24.000000
2.235000	34.000000
2.245000	36.000000
2.255000	31.000000
2.265000	28.000000
2.275000	20.000000
2.285000	33.000000
2.295000	22.000000
2.305000	43.000000
2.315000	25.000000
2.325000	20.000000
2.335000	33.000000
2.345000	36.000000
2.355000	35.000000
2.365000	24.000000
2.375000	35.000000
2.385000	33.000000
2.395000	27.000000
2.405000	33.000000
2.415000	36.000000
2.425000	35.000000
2.435000	41.000000
2.445000	38.000000
2.455000	31.000000
2.465000	37.000000
2.475000	47.000000
2.485000	33.000000
2.495000	39.000000
2.505000	46.000000
2.515000	47.000000
2.525000	42.000000
2.535000	40.000000
2.545000	65.000000
2.555000	59.000000
2.565000	58.000000
2.575000	75.000000
2.585000	78.000000
2.595000	103.000000
2.605000	112.000000
2.615000	116.000000
2.625000	115.000000
2.635000	157.000000
2.645000	168.000000
2.655000	192.000000
2.665000	232.000000
2.675000	247.000000
2.685000	249.000000
2.695000	295.000000
2.705000	374.000000
2.715000	349.000000
2.725000	365.000000
2.735000	481.000000
2.745000	431.000000
2.755000	451.000000
2.765000	527.000000
2.775000	501.000000
2.785000	489.000000
2.795000	582.000000
2.805000	508.000000
2.815000	563.000000
2.825000	517.000000
2.835000	544.000000
2.845000	495.000000
2.855000	519.000000
2.865000	539.000000
2.875000	466.000000
2.885000	417.000000
2.895000	483.000000
2.905000	392.000000
2.915000	383.000000
2.925000	363.000000
2.935000	273.000000
2.945000	283.000000
2.955000	243.000000
2.965000	254.000000
2.975000	193.000000
2.985000	154.000000
2.995000	164.000000
3.005000	128.000000
3.015000	130.000000
3.025000	114.000000
3.035000	89.000000
3.045000	86.000000
3.055000	82.000000
3.065000	56.000000
3.075000	52.000000
3.085000	40.000000
3.095000	41.000000
3.105000	37.000000
3.115000	31.000000
3.125000	34.000000
3.135000	37.000000
3.145000	20.000000
3.155000	24.000000
3.165000	17.000000
3.175000	17.000000
3.185000	21.000000
3.195000	20.000000
3.205000	20.000000
3.215000	20.000000
3.225000	19.000000
3.235000	15.000000
3.245000	14.000000
3.255000	25.000000
3.265000	25.000000
3.275000	14.000000
3.285000	18.000000
3.295000	18.000000
3.305000	24.000000
3.315000	11.000000
3.325000	13.000000
3.335000	24.000000
3.345000	21.000000
3.355000	16.000000
3.365000	14.000000
3.375000	14.000000
3.385000	15.000000
3.395000	12.000000
3.405000	17.000000
3.415000	12.000000
3.425000	20.000000
3.435000	16.000000
3.445000	14.000000
3.455000	22.000000
3.465000	17.000000
3.475000	15.000000
3.485000	20.000000
3.495000	11.000000
3.505000	13.000000
3.515000	16.000000
3.525000	15.000000
3.535000	14.000000
3.545000	20.000000
3.555000	15.000000
3.565000	12.000000
3.575000	16.000000
3.585000	12.000000
3.595000	19.000000
3.605000	13.000000
3.615000	18.000000
3.625000	11.000000
3.635000	19.000000
3.645000	21.000000
3.655000	16.000000
3.665000	18.000000
3.675000	12.000000
3.685000	22.000000
3.695000	12.000000
3.705000	22.000000
3.715000	10.000000
3.725000	12.000000
3.735000	27.000000
3.745000	16.000000
3.755000	17.000000
3.765000	13.000000
3.775000	23.000000
3.785000	22.000000
3.795000	20.000000
3.805000	14.000000
3.815000	19.000000
3.825000	21.000000
3.835000	16.000000
3.845000	13.000000
3.855000	16.000000
3.865000	8.000000
3.875000	20.000000
3.885000	16.000000
3.895000	20.000000
3.905000	25.000000
3.915000	12.000000
3.925000	20.000000
3.935000	18.000000
3.945000	18.000000
3.955000	18.000000
3.965000	27.000000
3.975000	15.000000
3.985000	25.000000
3.995000	17.000000
4.005000	13.000000
4.015000	19.000000
4.025000	16.000000
4.035000	13.000000
4.045000	22.000000
4.055000	17.000000
4.065000	20.000000
4.075000	17.000000
4.085000	14.000000
4.095000	19.000000
4.105000	13.000000
4.115000	18.000000
4.125000	14.000000
4.135000	16.000000
4.145000	17.000000
4.155000	24.000000
4.165000	17.000000
4.175000	17.000000
4.185000	20.000000
4.195000	17.000000
4.205000	21.000000
4.215000	15.000000
4.225000	19.000000
4.235000	6.000000
4.245000	15.000000
4.255000	18.000000
4.265000	14.000000
4.275000	17.000000
4.285000	20.000000
4.295000	18.000000
4.305000	18.000000
4.315000	23.000000
4.325000	22.000000
4.335000	14.000000
4.345000	22.000000
4.355000	16.000000
4.365000	11.000000
4.375000	11.000000
4.385000	24.000000
4.395000	18.000000
4.405000	15.000000
4.415000	17.000000
4.425000	18.000000
4.435000	22.000000
4.445000	8.000000
4.455000	19.000000
4.465000	16.000000
4.475000	21.000000
4.485000	23.000000
4.495000	18.000000
4.505000	23.000000
4.515000	22.000000
4.525000	18.000000
4.535000	24.000000
4.545000	29.000000
4.555000	15.000000
4.565000	16.000000
4.575000	12.000000
4.585000	14.000000
4.595000	20.000000
4.605000	26.000000
4.615000	22.000000
4.625000	15.000000
4.635000	17.000000
4.645000	29.000000
4.655000	22.000000
4.665000	18.000000
4.675000	18.000000
4.685000	16.000000
4.695000	19.000000
4.705000	21.000000
4.715000	22.000000
4.725000	17.000000
4.735000	15.000000
4.745000	18.000000
4.755000	20.000000
4.765000	14.000000
4.775000	25.000000
4.785000	14.000000
4.795000	18.000000
4.805000	19.000000
4.815000	17.000000
4.825000	22.000000
4.835000	20.000000
4.845000	20.000000
4.855000	12.000000
4.865000	18.000000
4.875000	23.000000
4.885000	21.000000
4.895000	17.000000
4.905000	21.000000
4.915000	22.000000
4.925000	21.000000
4.935000	20.000000
4.945000	15.000000
4.955000	12.000000
4.965000	28.000000
4.975000	17.000000
4.985000	20.000000
4.995000	11.000000
5.005000	22.000000
5.015000	16.000000
5.025000	23.000000
5.035000	19.000000
5.045000	24.000000
5.055000	20.000000
5.065000	26.000000
5.075000	15.000000
5.085000	22.000000
5.095000	21.000000
5.105000	16.000000
5.115000	17.000000
5.125000	14.000000
5.135000	30.000000
5.145000	16.000000
5.155000	18.000000
5.165000	24.000000
5.175000	12.000000
5.185000	26.000000
5.195000	20.000000
5.205000	19.000000
5.215000	18.000000
5.225000	19.000000
5.235000	23.000000
5.245000	17.000000
5.255000	26.000000
5.265000	17.000000
5.275000	16.000000
5.285000	10.000000
5.295000	32.000000
5.305000	21.000000
5.315000	23.000000
5.325000	15.000000
5.335000	29.000000
5.345000	22.000000
5.355000	32.000000
5.365000	23.000000
5.375000	25.000000
5.385000	14.000000
5.395000	19.000000
5.405000	17.000000
5.415000	16.000000
5.425000	13.000000
5.435000	18.000000
5.445000	20.000000
5.455000	17.000000
5.465000	19.000000
5.475000	15.000000
5.485000	24.000000
5.495000	15.000000
5.505000	22.000000
5.515000	22.000000
5.525000	12.000000
5.535000	18.000000
5.545000	14.000000
5.555000	22.000000
5.565000	15.000000
5.575000	16.000000
5.585000	17.000000
5.595000	14.000000
5.605000	14.000000
5.615000	18.000000
5.625000	13.000000
5.635000	10.000000
5.645000	18.000000
5.655000	10.000000
5.665000	8.000000
5.675000	12.000000
5.685000	11.000000
5.695000	16.000000
5.705000	13.000000
5.715000	8.000000
5.725000	12.000000
5.735000	12.000000
5.745000	11.000000
5.755000	10.000000
5.765000	8.000000
5.775000	17.000000
5.785000	9.000000
5.795000	12.000000
5.805000	7.000000
5.815000	6.000000
5.825000	17.000000
5.835000	8.000000
5.845000	8.000000
5.855000	8.000000
5.865000	5.000000
5.875000	7.000000
5.885000	6.000000
5.895000	5.000000
5.905000	5.000000
5.915000	7.000000
5.925000	10.000000
5.935000	6.000000
5.945000	2.000000
5.955000	6.000000
5.965000	6.000000
5.975000	2.000000
5.985000	5.000000
5.995000	4.000000
6.005000	7.000000
6.015000	3.000000
6.025000	8.000000
6.035000	5.000000
6.045000	5.000000
6.055000	11.000000
6.065000	3.000000
6.075000	5.000000
6.085000	5.000000
6.095000	3.000000
6.105000	9.000000
6.115000	2.000000
6.125000	3.000000
6.135000	2.000000
6.145000	1.000000
6.155000	7.000000
6.165000	2.000000
6.175000	7.000000
6.185000	2.000000
6.195000	11.000000
6.205000	7.000000
6.215000	4.000000
6.225000	7.000000
6.235000	6.000000
6.245000	2.000000
6.255000	2.000000
6.265000	4.000000
6.275000	4.000000
6.285000	5.000000
6.295000	3.000000
6.305000	5.000000
6.315000	6.000000
6.325000	3.000000
6.335000	9.000000
6.345000	7.000000
6.355000	4.000000
6.365000	4.000000
6.375000	9.000000
6.385000	7.000000
6.395000	7.000000
6.405000	8.000000
6.415000	4.000000
6.425000	8.000000
6.435000	7.000000
6.445000	11.000000
6.455000	21.000000
6.465000	16.000000
6.475000	28.000000
6.485000	15.000000
6.495000	24.000000
6.505000	20.000000
6.515000	25.000000
6.525000	20.000000
6.535000	27.000000
6.545000	21.000000
6.555000	25.000000
6.565000	19.000000
6.575000	30.000000
6.585000	32.000000
6.595000	22.000000
6.605000	38.000000
6.615000	53.000000
6.625000	36.000000
6.635000	47.000000
6.645000	42.000000
6.655000	54.000000
6.665000	43.000000
6.675000	48.000000
6.685000	58.000000
6.695000	49.000000
6.705000	66.000000
6.715000	63.000000
6.725000	48.000000
6.735000	37.000000
6.745000	59.000000
6.755000	59.000000
6.765000	66.000000
6.775000	64.000000
6.785000	76.000000
6.795000	60.000000
6.805000	55.000000
6.815000	63.000000
6.825000	47.000000
6.835000	56.000000
6.845000	62.000000
6.855000	51.000000
6.865000	63.000000
6.875000	54.000000
6.885000	48.000000
6.895000	57.000000
6.905000	55.000000
6.915000	54.000000
6.925000	56.000000
6.935000	52.000000
6.945000	47.000000
6.955000	34.000000
6.965000	46.000000
6.975000	50.000000
6.985000	35.000000
6.995000	38.000000
7.005000	36.000000
7.015000	35.000000
7.025000	29.000000
7.035000	24.000000
7.045000	26.000000
7.055000	30.000000
7.065000	22.000000
7.075000	24.000000
7.085000	14.000000
7.095000	10.000000
7.105000	23.000000
7.115000	10.000000
7.125000	13.000000
7.135000	21.000000
7.145000	8.000000
7.155000	7.000000
7.165000	14.000000
7.175000	9.000000
7.185000	11.000000
7.195000	5.000000
7.205000	13.000000
7.215000	5.000000
7.225000	7.000000
7.235000	8.000000
7.245000	3.000000
7.255000	11.000000
7.265000	5.000000
7.275000	5.000000
7.285000	5.000000
7.295000	4.000000
7.305000	5.000000
7.315000	5.000000
7.325000	3.000000
7.335000	3.000000
7.345000	6.000000
7.355000	4.000000
7.365000	4.000000
7.375000	2.000000
7.385000	8.000000
7.395000	3.000000
7.405000	3.000000
7.415000	1.000000
7.425000	2.000000
7.435000	0.000000
7.445000	3.000000
7.455000	3.000000
7.465000	0.000000
7.475000	0.000000
7.485000	3.000000
7.495000	2.000000
7.505000	4.000000
7.515000	0.000000
7.525000	1.000000
7.535000	2.000000
7.545000	3.000000
7.555000	5.000000
7.565000	0.000000
7.575000	1.000000
7.585000	3.000000
7.595000	4.000000
7.605000	3.000000
7.615000	2.000000
7.625000	1.000000
7.635000	1.000000
7.645000	3.000000
7.655000	2.000000
7.665000	4.000000
7.675000	4.000000
7.685000	2.000000
7.695000	4.000000
7.705000	1.000000
7.715000	2.000000
7.725000	1.000000
7.735000	5.000000
7.745000	1.000000
7.755000	0.000000
7.765000	1.000000
7.775000	4.000000
7.785000	2.000000
7.795000	3.000000
7.805000	1.000000
7.815000	3.000000
7.825000	1.000000
7.835000	4.000000
7.845000	2.000000
7.855000	2.000000
7.865000	2.000000
7.875000	1.000000
7.885000	1.000000
7.895000	3.000000
7.905000	1.000000
7.915000	1.000000
7.925000	1.000000
7.935000	1.000000
7.945000	2.000000
7.955000	1.000000
7.965000	1.000000
7.975000	3.000000
7.985000	0.000000
7.995000	1.000000
8.005000	1.000000
8.015000	5.000000
8.025000	2.000000
8.035000	0.000000
8.045000	2.000000
8.055000	1.000000
8.065000	0.000000
8.075000	2.000000
8.085000	2.000000
8.095000	1.000000
8.105000	2.000000
8.115000	2.000000
8.125000	3.000000
8.135000	3.000000
8.145000	4.000000
8.155000	4.000000
8.165000	1.000000
8.175000	1.000000
8.185000	2.000000
8.195000	0.000000
8.205000	3.000000
8.215000	1.000000
8.225000	2.000000
8.235000	2.000000
8.245000	0.000000
8.255000	2.000000
8.265000	2.000000
8.275000	0.000000
8.285000	1.000000
8.295000	0.000000
8.305000	0.000000
8.315000	3.000000
8.325000	2.000000
8.335000	3.000000
8.345000	3.000000
8.355000	3.000000
8.365000	4.000000
8.375000	1.000000
8.385000	1.000000
8.395000	3.000000
8.405000	3.000000
8.415000	1.000000
8.425000	1.000000
8.435000	1.000000
8.445000	0.000000
8.455000	0.000000
8.465000	0.000000
8.475000	1.000000
8.485000	2.000000
8.495000	2.000000
8.505000	0.000000
8.515000	1.000000
8.525000	1.000000
8.535000	2.000000
8.545000	0.000000
8.555000	0.000000
8.565000	1.000000
8.575000	3.000000
8.585000	0.000000
8.595000	1.000000
8.605000	0.000000
8.615000	0.000000
8.625000	1.000000
8.635000	1.000000
8.645000	2.000000
8.655000	0.000000
8.665000	0.000000
8.675000	0.000000
8.685000	1.000000
8.695000	0.000000
8.705000	0.000000
8.715000	2.000000
8.725000	1.000000
8.735000	1.000000
8.745000	0.000000
8.755000	0.000000
8.765000	1.000000
8.775000	0.000000
8.785000	0.000000
8.795000	2.000000
8.805000	0.000000
8.815000	0.000000
8.825000	0.000000
8.835000	1.000000
8.845000	0.000000
8.855000	0.000000
8.865000	0.000000
8.875000	0.000000
8.885000	0.000000
8.895000	0.000000
8.905000	1.000000
8.915000	0.000000
8.925000	0.000000
8.935000	0.000000
8.945000	1.000000
8.955000	0.000000
8.965000	0.000000
8.975000	0.000000
8.985000	3.000000
8.995000	0.000000
9.005000	0.000000
9.015000	0.000000
9.025000	0.000000
9.035000	1.000000
9.045000	2.000000
9.055000	3.000000
9.065000	1.000000
9.075000	0.000000
9.085000	0.000000
9.095000	0.000000
9.105000	1.000000
9.115000	0.000000
9.125000	1.000000
9.135000	0.000000
9.145000	1.000000
9.155000	0.000000
9.165000	1.000000
9.175000	0.000000
9.185000	0.000000
9.195000	0.000000
9.205000	0.000000
9.215000	1.000000
9.225000	1.000000
9.235000	5.000000
9.245000	0.000000
9.255000	1.000000
9.265000	1.000000
9.275000	0.000000
9.285000	1.000000
9.295000	3.000000
9.305000	1.000000
9.315000	0.000000
9.325000	4.000000
9.335000	0.000000
9.345000	2.000000
9.355000	1.000000
9.365000	3.000000
9.375000	0.000000
9.385000	0.000000
9.395000	1.000000
9.405000	0.000000
9.415000	0.000000
9.425000	4.000000
9.435000	0.000000
9.445000	2.000000
9.455000	1.000000
9.465000	3.000000
9.475000	2.000000
9.485000	2.000000
9.495000	3.000000
9.505000	2.000000
9.515000	1.000000
9.525000	1.000000
9.535000	2.000000
9.545000	1.000000
9.555000	3.000000
9.565000	1.000000
9.575000	4.000000
9.585000	1.000000
9.595000	4.000000
9.605000	2.000000
9.615000	1.000000
9.625000	2.000000
9.635000	5.000000
9.645000	2.000000
9.655000	3.000000
9.665000	4.000000
9.675000	2.000000
9.685000	2.000000
9.695000	3.000000
9.705000	0.000000
9.715000	2.000000
9.725000	5.000000
9.735000	2.000000
9.745000	1.000000
9.755000	2.000000
9.765000	1.000000
9.775000	1.000000
9.785000	2.000000
9.795000	2.000000
9.805000	2.000000
9.815000	4.000000
9.825000	0.000000
9.835000	1.000000
9.845000	0.000000
9.855000	0.000000
9.865000	3.000000
9.875000	0.000000
9.885000	0.000000
9.895000	0.000000
9.905000	0.000000
9.915000	0.000000
9.925000	0.000000
9.935000	2.000000
9.945000	1.000000
9.955000	1.000000
9.965000	1.000000
9.975000	2.000000
9.985000	0.000000
9.995000	0.000000
